0,526
14,6
14,9
193,35
3,2
10,10
10,32
10,242
10,202
10,196
10,254
10,240
10,262
10,3
11,12
11,14
11,24
11,18
11,20
11,6
11,8
9,4
9,6
9,2
9,3
8,8
8,17
8,11
8,15
8,6
8,7
8,2
8,3
12,2
20,2
20,1
171,3
20,3
171,1
170,126
170,112
170,111
170,110
170,109
170,108
170,107
170,106
170,105
170,104
170,103
170,102
170,101
170,100
170,99
170,98
170,97
170,96
19,2
19,1
170,95
170,94
170,93
170,92
170,91
170,90
170,89
170,88
170,87
170,86
170,85
170,84
170,83
170,82
170,81
170,80
19,3
170,79
170,78
170,77
170,76
170,75
170,74
170,73
170,72
170,71
170,70
170,69
170,68
170,67
170,66
170,65
170,64
170,38
170,35
170,34
170,33
170,32
170,31
170,30
170,29
170,28
170,27
170,26
170,25
170,24
170,23
170,22
170,21
170,20
170,19
170,18
170,17
170,16
170,15
170,14
170,13
170,12
170,11
170,10
170,9
170,8
170,7
18,1
18,3
14,1
14,4
14,3
170,6
170,5
13,1
170,3
13,3
170,1
153,3
153,1
141,4
141,3
141,1
114,4
114,3
114,2
2,2
114,1
2,1
